Time: 2017-08-07 13:38:16.817371  {u'gender(v7).substitution': '2017-08-07,13:32:19', u'pand_learn(v7).aiml': '2017-08-07,13:32:19', u'normal(v2).substitution': '2017-08-07,13:32:19', u'denormal(v2).substitution': '2017-08-07,13:32:19', u'pand_initial(v4).aiml': '2017-08-07,13:32:19', u'person2(v5).substitution': '2017-08-07,13:32:19', u'chatbotjoe(v2).properties': '2017-08-07,13:32:19', u'person(v4).substitution': '2017-08-07,13:32:19'}
Time: 2017-08-07 13:48:15.433126  {u'gender(v7).substitution': '2017-08-07,13:32:19', u'pand_learn(v7).aiml': '2017-08-07,13:32:19', u'normal(v2).substitution': '2017-08-07,13:32:19', u'pand_initial(v4).aiml': '2017-08-07,13:32:19', u'person2(v5).substitution': '2017-08-07,13:32:19', u'chatbotjoe(v2).properties': '2017-08-07,13:32:19', u'person(v4).substitution': '2017-08-07,13:32:19'}
