Time: 2017-08-07 13:38:16.817611  {"gender(v7).substitution": "2017-08-07,13:32:19", "pand_learn(v7).aiml": "2017-08-07,13:32:19", "normal(v2).substitution": "2017-08-07,13:32:19", "denormal(v2).substitution": "2017-08-07,13:32:19", "pand_initial(v4).aiml": "2017-08-07,13:32:19", "person2(v5).substitution": "2017-08-07,13:32:19", "chatbotjoe(v2).properties": "2017-08-07,13:32:19", "person(v4).substitution": "2017-08-07,13:32:19"}
Time: 2017-08-07 13:48:15.433566  {"gender(v7).substitution": "2017-08-07,13:32:19", "pand_learn(v7).aiml": "2017-08-07,13:32:19", "normal(v2).substitution": "2017-08-07,13:32:19", "pand_initial(v4).aiml": "2017-08-07,13:32:19", "person2(v5).substitution": "2017-08-07,13:32:19", "chatbotjoe(v2).properties": "2017-08-07,13:32:19", "person(v4).substitution": "2017-08-07,13:32:19"}
